,0,1,2,3,4,5,6,7,8,9,average
0,0.0,0.0,0.0,0.0,0.0,0.0,0.0,0.0,0.0,0.0,0.0
1,29.000000000000007,28.60000000000001,38.5,26.10000000000001,29.500000000000007,29.400000000000006,32.5,24.250000000000014,33.050000000000004,38.00000000000001,30.890000000000004
2,33.2,28.60000000000001,38.5,26.10000000000001,30.6,32.00000000000001,32.5,39.849999999999994,33.050000000000004,41.6,33.60000000000001
3,35.00000000000001,28.60000000000001,38.5,26.10000000000001,34.0,32.00000000000001,32.5,39.849999999999994,34.00000000000001,41.6,34.215
4,36.2,32.050000000000004,41.650000000000006,29.400000000000006,34.0,32.00000000000001,35.650000000000006,39.849999999999994,38.50000000000001,41.6,36.09
5,38.6,32.050000000000004,41.650000000000006,36.00000000000001,34.400000000000006,32.00000000000001,37.5,43.3,38.50000000000001,42.8,37.68
6,38.6,32.050000000000004,41.650000000000006,36.00000000000001,35.00000000000001,36.0,38.8,43.3,38.50000000000001,45.2,38.51
7,38.6,32.050000000000004,41.650000000000006,36.00000000000001,38.300000000000004,36.00000000000001,38.8,43.3,39.65,45.2,38.955
8,38.6,32.050000000000004,41.650000000000006,36.00000000000001,38.35,38.0,38.8,46.75,39.650000000000006,45.2,39.505
9,38.6,32.050000000000004,41.650000000000006,36.00000000000001,39.400000000000006,38.0,38.8,46.75,39.95,45.2,39.64
10,38.6,35.50000000000001,41.650000000000006,36.00000000000001,41.6,38.0,41.95,46.75,41.95,45.2,40.72
11,38.6,35.50000000000001,41.650000000000006,39.300000000000004,41.6,41.0,41.95,46.75,43.099999999999994,45.2,41.465
12,39.8,37.800000000000004,41.650000000000006,39.300000000000004,41.6,41.0,41.95,46.75,45.400000000000006,48.8,42.405
13,39.8,38.95,44.8,39.300000000000004,44.9,41.0,41.95,46.75,45.400000000000006,48.8,43.165000000000006
14,39.8,38.95,44.8,39.300000000000004,44.9,41.0,41.95,50.2,45.400000000000006,48.8,43.51
15,39.800000000000004,38.95,44.8,39.300000000000004,44.9,41.0,43.0,50.2,45.400000000000006,48.8,43.615
16,42.2,38.95,44.8,42.6,44.9,41.0,45.099999999999994,50.2,45.400000000000006,48.8,44.394999999999996
17,42.2,38.95,44.8,42.6,44.9,41.0,45.099999999999994,50.2,45.400000000000006,48.8,44.394999999999996
18,42.2,38.95,44.8,42.6,44.9,41.0,45.099999999999994,50.2,45.400000000000006,48.8,44.394999999999996
19,42.2,38.95,44.8,42.6,44.9,41.0,45.099999999999994,50.2,45.400000000000006,48.8,44.394999999999996
20,42.2,38.95,44.8,42.6,44.9,41.0,45.099999999999994,50.2,45.400000000000006,48.8,44.394999999999996
21,42.2,38.95,44.8,42.6,48.2,41.0,45.099999999999994,50.2,48.849999999999994,51.2,45.309999999999995
22,43.4,38.95,44.8,42.6,48.2,41.0,45.099999999999994,50.2,48.849999999999994,52.4,45.55
23,43.4,38.95,47.95,42.6,48.2,41.0,45.099999999999994,50.2,48.849999999999994,52.4,45.864999999999995
24,43.4,42.400000000000006,47.95,42.6,48.2,41.0,45.099999999999994,50.2,48.849999999999994,52.4,46.21
25,43.4,42.400000000000006,47.95,42.6,48.2,41.0,45.099999999999994,50.2,48.849999999999994,52.4,46.21
26,43.4,42.400000000000006,47.95,42.6,48.2,41.0,48.25,50.2,48.849999999999994,52.4,46.525
27,43.4,42.400000000000006,47.95,42.6,48.2,41.0,48.25,50.2,48.849999999999994,52.4,46.525
28,43.400000000000006,42.400000000000006,47.95,43.7,48.2,41.0,48.25,50.2,52.3,52.4,46.980000000000004
29,43.400000000000006,42.400000000000006,47.95,45.9,48.2,41.0,48.25,50.2,52.3,52.4,47.2
30,44.599999999999994,42.400000000000006,47.95,45.9,48.2,41.95,48.25,50.2,52.3,52.4,47.415000000000006
31,45.8,42.400000000000006,47.95,45.9,48.2,41.95,48.25,50.2,52.3,52.4,47.535000000000004
32,45.8,42.400000000000006,47.95,45.9,49.3,44.0,48.25,50.2,52.3,52.4,47.85
33,45.8,42.400000000000006,47.95,45.9,51.5,44.0,48.25,50.2,52.3,56.0,48.43
34,45.8,42.400000000000006,47.95,45.9,51.5,44.0,49.3,50.2,52.3,56.0,48.535000000000004
35,45.8,42.400000000000006,47.95,45.9,51.5,44.0,49.3,50.2,52.3,56.0,48.535000000000004
36,47.0,42.400000000000006,47.95,45.9,51.5,44.0,50.35,50.2,52.3,56.0,48.760000000000005
37,47.0,42.400000000000006,47.95,45.9,51.5,44.0,50.35,53.65,52.3,56.0,49.105000000000004
38,47.0,43.55,47.95,45.9,51.5,44.0,51.4,53.65,52.3,56.0,49.325
39,47.0,44.7,47.95,45.9,51.5,44.0,51.4,53.65,52.3,56.0,49.440000000000005
40,47.0,45.849999999999994,47.95,45.9,51.5,44.0,51.4,53.65,52.3,56.0,49.555
41,49.4,45.849999999999994,47.95,45.9,51.5,44.0,51.4,53.65,52.3,56.0,49.795
42,49.4,45.849999999999994,47.95,49.2,51.5,44.0,51.4,53.65,52.3,56.0,50.12500000000001
43,49.4,45.849999999999994,47.95,49.2,51.5,44.0,51.4,53.65,55.75,56.0,50.470000000000006
44,49.4,45.849999999999994,47.95,49.2,51.5,44.0,51.4,53.65,55.75,56.0,50.470000000000006
45,49.4,45.849999999999994,47.95,49.2,51.5,44.0,51.4,53.65,55.75,56.0,50.470000000000006
46,49.4,45.849999999999994,47.95,49.2,51.5,44.0,51.4,53.65,55.75,56.0,50.470000000000006
47,49.4,45.849999999999994,47.95,49.2,51.5,44.0,51.4,53.65,55.75,56.0,50.470000000000006
48,49.4,45.849999999999994,47.95,49.2,54.8,44.0,51.4,53.65,55.75,56.0,50.8
49,49.4,45.849999999999994,47.95,49.2,54.8,44.0,51.4,53.65,55.75,56.0,50.8
50,50.6,45.849999999999994,47.95,49.2,54.8,44.0,51.4,53.65,55.75,59.6,51.279999999999994
51,50.6,45.849999999999994,47.95,49.2,54.8,44.0,51.4,53.65,55.75,59.6,51.279999999999994
52,50.6,45.849999999999994,47.95,49.2,54.8,44.0,54.55,53.65,55.75,59.6,51.595000000000006
53,53.0,47.0,47.95,49.2,54.8,44.0,54.55,53.65,55.75,59.6,51.95
54,53.0,49.3,47.95,49.2,54.8,44.0,54.55,53.65,55.75,59.6,52.17999999999999
55,53.0,49.3,47.95,49.2,54.8,44.0,54.55,53.65,55.75,59.6,52.17999999999999
56,53.0,49.3,47.95,49.2,54.8,44.0,54.55,57.1,55.75,59.6,52.525
57,53.0,49.3,51.099999999999994,49.2,54.8,47.0,54.55,57.1,55.75,59.6,53.14
58,53.0,49.3,51.099999999999994,49.2,54.8,47.0,54.55,57.1,55.75,59.6,53.14
59,53.0,49.3,51.099999999999994,49.2,54.8,47.0,54.55,57.1,55.75,59.6,53.14
60,53.0,49.3,51.099999999999994,49.2,54.8,47.0,54.55,57.1,55.75,59.6,53.14
61,53.0,49.3,51.099999999999994,49.2,54.8,47.0,54.55,57.1,55.75,59.6,53.14
62,53.0,49.3,51.099999999999994,49.2,54.8,47.0,54.55,57.1,55.75,59.6,53.14
63,54.2,49.3,51.099999999999994,49.2,54.8,47.0,54.55,57.1,55.75,59.6,53.260000000000005
64,54.2,49.3,51.099999999999994,49.2,54.8,47.0,54.55,57.1,59.2,59.6,53.605
65,54.2,49.3,51.099999999999994,49.2,58.1,47.0,54.55,57.1,59.2,59.6,53.935
66,56.6,49.3,51.099999999999994,49.2,58.1,47.0,54.55,57.1,59.2,59.6,54.175
67,56.6,52.75,51.099999999999994,49.2,58.1,47.0,55.6,57.1,59.2,59.6,54.625
68,56.6,52.75,51.099999999999994,49.2,58.1,47.0,57.7,57.1,59.2,59.6,54.834999999999994
69,56.6,52.75,51.099999999999994,49.2,58.1,47.0,57.7,57.1,59.2,59.6,54.834999999999994
70,56.6,52.75,54.25,49.2,58.1,47.0,57.7,57.1,59.2,59.6,55.15
71,56.6,52.75,54.25,49.2,58.1,47.0,57.7,57.1,59.2,59.6,55.15
72,56.6,52.75,54.25,49.2,58.1,47.0,57.7,57.1,59.2,59.6,55.15
73,57.8,52.75,54.25,49.2,58.1,47.0,57.7,57.1,59.2,63.2,55.629999999999995
74,57.8,52.75,54.25,50.3,58.1,47.0,57.7,57.1,59.2,63.2,55.739999999999995
75,57.8,52.75,54.25,50.3,58.1,47.0,57.7,60.55,59.2,63.2,56.085
76,57.8,52.75,54.25,50.3,58.1,47.0,57.7,60.55,59.2,63.2,56.085
77,57.8,52.75,54.25,52.5,58.1,47.0,57.7,60.55,59.2,63.2,56.30499999999999
78,57.8,52.75,54.25,52.5,58.1,47.0,57.7,60.55,59.2,63.2,56.30499999999999
79,57.8,52.75,54.25,52.5,58.1,47.0,57.7,60.55,62.65,63.2,56.65
80,57.8,52.75,54.25,52.5,58.1,47.0,57.7,60.55,62.65,63.2,56.65
81,57.8,52.75,54.25,52.5,61.4,47.0,57.7,60.55,62.65,63.2,56.980000000000004
82,57.8,52.75,54.25,52.5,61.4,47.0,57.7,60.55,62.65,63.2,56.980000000000004
83,57.8,52.75,54.25,52.5,61.4,47.0,57.7,60.55,62.65,63.2,56.980000000000004
84,57.8,52.75,54.25,52.5,61.4,47.0,57.7,60.55,62.65,63.2,56.980000000000004
85,57.8,52.75,54.25,52.5,61.4,47.0,57.7,60.55,62.65,63.2,56.980000000000004
86,57.8,52.75,54.25,52.5,61.4,47.0,57.7,60.55,62.65,63.2,56.980000000000004
87,57.8,52.75,54.25,52.5,61.4,47.0,57.7,60.55,62.65,63.2,56.980000000000004
88,57.8,52.75,54.25,55.8,61.4,47.0,57.7,60.55,62.65,63.2,57.31
89,57.8,52.75,54.25,55.8,61.4,47.0,57.7,60.55,62.65,63.2,57.31
90,57.8,52.75,54.25,55.8,61.4,47.0,57.7,60.55,62.65,63.2,57.31
91,57.8,52.75,54.25,55.8,61.4,47.0,57.7,60.55,62.65,63.2,57.31
92,57.8,52.75,54.25,55.8,61.4,47.0,60.85,60.55,62.65,63.2,57.625
93,57.8,52.75,54.25,55.8,61.4,47.0,60.85,60.55,62.65,63.2,57.625
94,57.8,52.75,54.25,55.8,61.4,53.0,60.85,60.55,62.65,63.2,58.225
95,57.8,52.75,54.25,55.8,61.4,53.0,60.85,60.55,62.65,63.2,58.225
96,57.8,52.75,54.25,55.8,61.4,53.0,60.85,60.55,62.65,63.2,58.225
97,57.8,52.75,54.25,55.8,61.4,53.0,60.85,60.55,62.65,63.2,58.225
98,57.8,52.75,54.25,55.8,61.4,53.0,60.85,60.55,62.65,63.2,58.225
99,57.8,52.75,54.25,55.8,61.4,53.0,60.85,60.55,62.65,63.2,58.225
100,57.8,52.75,54.25,55.8,61.4,53.0,60.85,60.55,62.65,63.2,58.225
